1768781971880 67.75722742080688 0
1768782027740 55.791094064712524 1
1768782086026 58.27839112281799 2
1768782169163 83.12834858894348 3
1768782236044 66.83423852920532 4
1768782302913 66.8222017288208 5
1768782370862 67.90011405944824 6
1768782471949 101.07174348831177 7
1768782548548 76.58715677261353 8
1768782632147 83.55165100097656 9
1768782708047 75.88763809204102 10
1768782868246 160.1900327205658 11
1768783031129 162.85728812217712 12
1768783225945 194.5766203403473 13
1768783480942 254.25558185577393 14
1768783660125 177.53738379478455 15
1768783930282 267.91683769226074 16
1768784272594 342.0227928161621 17
1768784449490 176.54027557373047 18
1768784805324 355.81194043159485 19
1768784953468 148.0977656841278 20
