1768781971880 2.4324324324324327e-05 0
1768782027740 4.8648648648648654e-05 1
1768782086026 7.297297297297297e-05 2
1768782169163 9.729729729729731e-05 3
1768782236044 0.00012162162162162163 4
1768782302913 0.00014594594594594595 5
1768782370862 0.00017027027027027028 6
1768782471949 0.00019459459459459462 7
1768782548548 0.00021891891891891892 8
1768782632147 0.00024324324324324326 9
1768782708047 0.00026756756756756756 10
1768782868246 0.0002918918918918919 11
1768783031129 0.00031621621621621623 12
1768783225945 0.00034054054054054057 13
1768783480942 0.00036486486486486485 14
1768783660125 0.00038918918918918923 15
1768783930282 0.0004135135135135135 16
1768784272594 0.00043783783783783785 17
1768784449490 0.0004621621621621622 18
1768784805324 0.0004864864864864865 19
1768784953468 0.0005108108108108108 20
