1768781971880 0.3470203244202846 0
1768782027740 0.34471461942067017 1
1768782086026 0.3348198371964532 2
1768782169163 0.28051271551364176 3
1768782236044 0.14059769080297366 4
1768782302913 0.0870491232018213 5
1768782370862 0.06909422903648905 6
1768782471949 0.061802162008511054 7
1768782548548 0.05728622893425259 8
1768782632147 0.05522949611013 9
1768782708047 0.05395105158960497 10
1768782868246 0.055208985114822515 11
1768783031129 0.053518484522764746 12
1768783225945 0.052953270339482536 13
1768783480942 0.05187685500729729 14
1768783660125 0.05100225833420818 15
1768783930282 0.0516810201460848 16
1768784272594 0.05261532076307245 17
1768784449490 0.05288004552995836 18
1768784805324 0.05102945579769644 19
1768784953468 0.049672657573545304 20
